Name: “Table 1 of 1 on page 104 of 166”
Table: 104
""
Section D
Capital Projects Budget
Six-Year Capital Improvements Program
