Name: “Table 1 of 1 on page 174 of 214”
Table: 174
""
This page intentionally left blank
